AverageLoadCurve_run301641_chan479
Vbias_V 	 Vbol_V 	 Ibol_A 	 Rbol_ohm 	 PAmp_mV 	 RMS_mV 	 SNR 	 APAmp_mV 	 OFRMS_mV 	 OFSNR 	 Gain 
0 	 -0 	 0 	 0 	 1 	 0.701079 	 1.42637e+07 	 1 	 1 	 1 	 412
0.064974 	 0.0122267 	 8.79121e-13 	 1.39079e+10 	 12.0042 	 1.45252 	 8.26439 	 12.0163 	 0.283644 	 112.108 	 412
0.131275 	 0.0175467 	 1.89547e-12 	 9.25718e+09 	 21.6151 	 0.634177 	 34.0836 	 21.0394 	 0.407307 	 109.368 	 412
0.196811 	 0.0207714 	 2.93399e-12 	 7.07955e+09 	 29.351 	 0.628345 	 46.7117 	 29.3884 	 0.38375 	 103.328 	 412
0.262053 	 0.0229956 	 3.98429e-12 	 5.77156e+09 	 35.3414 	 0.603271 	 58.583 	 35.4703 	 0.37908 	 103.237 	 412
0.324882 	 0.0246255 	 5.00427e-12 	 4.9209e+09 	 41.3647 	 0.573136 	 72.1725 	 41.2226 	 0.393116 	 108.632 	 412
0.391504 	 0.0259739 	 6.09217e-12 	 4.26349e+09 	 46.3819 	 0.701405 	 66.1271 	 46.5351 	 0.408813 	 115.768 	 412
0.453888 	 0.0269861 	 7.11503e-12 	 3.79283e+09 	 50.7522 	 0.543186 	 93.4342 	 50.7088 	 0.354998 	 143.187 	 412
0.522268 	 0.0279082 	 8.23933e-12 	 3.38719e+09 	 55.5766 	 0.543434 	 102.269 	 55.335 	 0.34789 	 158.201 	 412
0.585509 	 0.0286137 	 9.28159e-12 	 3.08284e+09 	 59.5072 	 0.534156 	 111.404 	 59.4757 	 0.328024 	 181.608 	 412
0.650732 	 0.0292235 	 1.03585e-11 	 2.82121e+09 	 62.9507 	 0.52788 	 119.252 	 63.0722 	 0.324616 	 194.545 	 412
0.713875 	 0.0297299 	 1.14024e-11 	 2.60733e+09 	 66.2697 	 0.551944 	 120.066 	 66.4434 	 0.389741 	 169.871 	 412
0.78251 	 0.0302021 	 1.25385e-11 	 2.40876e+09 	 69.7411 	 0.51462 	 135.52 	 69.7045 	 0.312051 	 222.335 	 412
0.845829 	 0.0305566 	 1.35879e-11 	 2.24882e+09 	 72.4294 	 0.594673 	 121.797 	 72.5234 	 0.360092 	 201.294 	 412
0.909129 	 0.0308771 	 1.46375e-11 	 2.10944e+09 	 75.2303 	 0.587542 	 128.042 	 75.3946 	 0.395914 	 190.261 	 412
0.973815 	 0.0311587 	 1.57109e-11 	 1.98325e+09 	 77.8315 	 0.615847 	 126.381 	 77.8225 	 0.400161 	 194.561 	 412
1.03767 	 0.0314019 	 1.67712e-11 	 1.87238e+09 	 80.2488 	 0.550319 	 145.822 	 80.365 	 0.358329 	 223.687 	 412
1.1061 	 0.0316151 	 1.7908e-11 	 1.76541e+09 	 82.8488 	 0.586981 	 141.144 	 83.0049 	 0.341558 	 242.052 	 412
1.16953 	 0.0317829 	 1.89625e-11 	 1.67609e+09 	 85.0994 	 0.513146 	 165.839 	 85.1755 	 0.327347 	 259.316 	 412
1.23275 	 0.0319244 	 2.00137e-11 	 1.59513e+09 	 87.4001 	 0.539896 	 161.883 	 87.5009 	 0.343781 	 254.109 	 412
1.29822 	 0.032032 	 2.11031e-11 	 1.51788e+09 	 89.7979 	 0.561427 	 159.946 	 90.1441 	 0.333408 	 269.366 	 412
1.36612 	 0.032118 	 2.22333e-11 	 1.44459e+09 	 92.885 	 0.522638 	 177.723 	 92.9527 	 0.335224 	 276.351 	 412
1.42851 	 0.0321644 	 2.32725e-11 	 1.38208e+09 	 95.7759 	 0.533786 	 179.428 	 96.0703 	 0.319122 	 300.149 	 412
1.49451 	 0.0321764 	 2.43722e-11 	 1.32021e+09 	 95.6519 	 5.40361 	 17.7015 	 113.033 	 0.430913 	 240.439 	 412
