AverageLoadCurve_run301641_chan368
Vbias_V 	 Vbol_V 	 Ibol_A 	 Rbol_ohm 	 PAmp_mV 	 RMS_mV 	 SNR 	 APAmp_mV 	 OFRMS_mV 	 OFSNR 	 Gain 
0 	 -0 	 0 	 0 	 1 	 0.602178 	 1.66064e+07 	 1 	 1 	 1 	 412
0.130186 	 0.00963751 	 2.00914e-12 	 4.79683e+09 	 34.0957 	 0.555519 	 61.3763 	 34.2364 	 0.371673 	 126.653 	 412
0.260529 	 0.0137797 	 4.11249e-12 	 3.3507e+09 	 57.325 	 0.468903 	 122.254 	 57.5034 	 0.365334 	 166.409 	 412
0.390042 	 0.0162945 	 6.22913e-12 	 2.61585e+09 	 75.2024 	 0.486596 	 154.548 	 75.4069 	 0.349434 	 216.19 	 412
0.519745 	 0.0180445 	 8.36168e-12 	 2.158e+09 	 89.5316 	 0.474874 	 188.538 	 89.6104 	 0.320535 	 279.9 	 412
0.649152 	 0.0193042 	 1.04975e-11 	 1.83894e+09 	 101.201 	 0.412221 	 245.501 	 101.291 	 0.299675 	 337.541 	 412
0.782347 	 0.0203015 	 1.27008e-11 	 1.59844e+09 	 110.803 	 0.570984 	 194.055 	 110.938 	 0.317592 	 348.917 	 412
0.90876 	 0.0210529 	 1.47951e-11 	 1.42296e+09 	 118.223 	 0.379515 	 311.51 	 118.308 	 0.256256 	 461.128 	 412
1.03939 	 0.0216668 	 1.6962e-11 	 1.27737e+09 	 124.578 	 0.384066 	 324.366 	 124.725 	 0.238958 	 521.875 	 412
1.17311 	 0.0221677 	 1.91823e-11 	 1.15563e+09 	 129.762 	 0.368031 	 352.583 	 129.879 	 0.215846 	 600.599 	 412
1.30067 	 0.0225458 	 2.13021e-11 	 1.05838e+09 	 133.667 	 0.342719 	 390.018 	 133.781 	 0.190172 	 703.065 	 412
1.42713 	 0.0228487 	 2.34047e-11 	 9.76241e+08 	 136.675 	 0.337503 	 404.959 	 136.813 	 0.179108 	 763.21 	 412
1.55768 	 0.0231022 	 2.55764e-11 	 9.03264e+08 	 139.128 	 0.336174 	 413.856 	 139.242 	 0.185975 	 747.67 	 412
1.69204 	 0.0232971 	 2.78123e-11 	 8.37656e+08 	 140.69 	 0.319429 	 440.442 	 140.786 	 0.153622 	 915.803 	 412
1.81916 	 0.0234433 	 2.99285e-11 	 7.83309e+08 	 141.833 	 0.317349 	 446.932 	 142.01 	 0.147125 	 962.867 	 412
1.95024 	 0.0235576 	 3.21114e-11 	 7.33619e+08 	 142.555 	 0.312078 	 456.792 	 142.638 	 0.132411 	 1075.41 	 412
2.07866 	 0.0236294 	 3.42505e-11 	 6.89899e+08 	 142.662 	 0.314326 	 453.867 	 142.75 	 0.120507 	 1182.94 	 412
2.21295 	 0.0236556 	 3.64882e-11 	 6.48307e+08 	 1 	 0.317917 	 3.14548e+07 	 1 	 1 	 1 	 412
2.33989 	 0.0236557 	 3.8604e-11 	 6.1278e+08 	 1 	 0.334796 	 2.98689e+07 	 1 	 1 	 1 	 412
2.46939 	 0.0236251 	 4.07628e-11 	 5.79575e+08 	 1 	 0.343285 	 2.91303e+07 	 1 	 1 	 1 	 412
2.60452 	 0.0235573 	 4.30161e-11 	 5.4764e+08 	 1 	 0.391745 	 2.55268e+07 	 1 	 1 	 1 	 412
2.72877 	 0.0234755 	 4.50883e-11 	 5.20656e+08 	 1 	 0.458542 	 2.18083e+07 	 1 	 1 	 1 	 412
2.8581 	 0.0233586 	 4.72457e-11 	 4.94407e+08 	 1 	 1.89977 	 5.26379e+06 	 1 	 1 	 1 	 412
2.98937 	 0.0232237 	 4.94358e-11 	 4.69775e+08 	 1 	 16.9758 	 589073 	 1 	 1 	 1 	 412
