AverageLoadCurve_run301644_chan382
Vbias_V 	 Vbol_V 	 Ibol_A 	 Rbol_ohm 	 PAmp_mV 	 RMS_mV 	 SNR 	 APAmp_mV 	 OFRMS_mV 	 OFSNR 	 Gain 
0 	 -0 	 0 	 0 	 1 	 1.12837 	 8.86232e+06 	 1 	 1 	 1 	 412
0.11017 	 0.0105122 	 1.66096e-12 	 6.32901e+09 	 1 	 1.24621 	 8.0243e+06 	 1 	 1 	 1 	 412
0.219758 	 0.0145893 	 3.41948e-12 	 4.26653e+09 	 1 	 0.946473 	 1.05655e+07 	 1 	 1 	 1 	 412
0.327745 	 0.0170883 	 5.17761e-12 	 3.30041e+09 	 631.586 	 0.979083 	 645.078 	 633.98 	 0.458966 	 1806.55 	 412
0.430618 	 0.0187625 	 6.86426e-12 	 2.73336e+09 	 734.334 	 0.873041 	 841.122 	 735.157 	 0.403857 	 1987.87 	 412
0.539337 	 0.0200931 	 8.65406e-12 	 2.32181e+09 	 820.527 	 1.00477 	 816.634 	 821.274 	 0.46121 	 1875.31 	 412
0.647435 	 0.0211064 	 1.04388e-11 	 2.02192e+09 	 888.759 	 0.673432 	 1319.75 	 889.366 	 0.347804 	 2583.99 	 412
0.757886 	 0.0219169 	 1.22662e-11 	 1.78678e+09 	 942.16 	 0.77533 	 1215.17 	 943.039 	 0.363225 	 2606.17 	 412
0.863644 	 0.0225357 	 1.40185e-11 	 1.60757e+09 	 982.426 	 0.627389 	 1565.9 	 983.414 	 0.333042 	 2952.61 	 412
0.969138 	 0.023001 	 1.57689e-11 	 1.45863e+09 	 1009.25 	 0.559687 	 1803.24 	 1012.17 	 0.276511 	 3638.51 	 412
1.0789 	 0.0234096 	 1.75915e-11 	 1.33073e+09 	 1031.63 	 0.559054 	 1845.32 	 1032.24 	 0.292614 	 3508.8 	 412
1.19035 	 0.0237545 	 1.94432e-11 	 1.22173e+09 	 1049.99 	 0.468404 	 2241.63 	 1050.62 	 0.247706 	 4214.42 	 412
1.29569 	 0.0240228 	 2.11944e-11 	 1.13345e+09 	 1060.87 	 0.514741 	 2060.98 	 1061.72 	 0.283983 	 3713.95 	 412
1.40189 	 0.0242469 	 2.29608e-11 	 1.05601e+09 	 1065.37 	 0.444899 	 2394.63 	 1065.85 	 0.249849 	 4237.17 	 412
1.51056 	 0.0245032 	 2.47676e-11 	 9.89325e+08 	 1066.02 	 0.381152 	 2796.84 	 1066.57 	 0.212429 	 5018.68 	 412
1.62043 	 -0.000514085 	 2.70158e-11 	 -1.90291e+07 	 0.218803 	 0.091404 	 2.39381 	 0.360489 	 0.00537643 	 51.3599 	 412
1.72968 	 -0.000553656 	 2.88372e-11 	 -1.91994e+07 	 0.233223 	 0.0618855 	 3.76862 	 0.220299 	 0.00330961 	 34.628 	 412
1.83244 	 -0.000554165 	 3.05499e-11 	 -1.81397e+07 	 0.213125 	 0.0664307 	 3.20822 	 0.293732 	 0.00258107 	 40.7284 	 412
1.94298 	 -0.000554651 	 3.23922e-11 	 -1.7123e+07 	 0.193596 	 0.065951 	 2.93545 	 0.320435 	 0.00356685 	 50.5112 	 412
2.05044 	 -0.000554653 	 3.41833e-11 	 -1.62259e+07 	 0.20693 	 0.0661426 	 3.12854 	 0.267029 	 0.00123435 	 39.7835 	 412
2.16195 	 -0.000554579 	 3.60418e-11 	 -1.53871e+07 	 1 	 0.0654141 	 1.52872e+08 	 1 	 1 	 1 	 412
2.26806 	 -0.000554645 	 3.78103e-11 	 -1.46691e+07 	 0.220726 	 0.066036 	 3.34251 	 0.260353 	 0.00388251 	 35.8571 	 412
2.37155 	 -0.000554641 	 3.95351e-11 	 -1.40291e+07 	 0.202221 	 0.0654672 	 3.08889 	 0.260353 	 0.00218309 	 36.695 	 412
2.48169 	 -0.000554622 	 4.13708e-11 	 -1.34061e+07 	 0.190338 	 0.0655342 	 2.90441 	 0.480652 	 0.00415267 	 70.9658 	 412
