AverageLoadCurve_run300824_chan417
Vbias_V 	 Vbol_V 	 Ibol_A 	 Rbol_ohm 	 PAmp_mV 	 RMS_mV 	 SNR 	 APAmp_mV 	 OFRMS_mV 	 OFSNR 	 Gain 
-0.00191 	 -3.57315e-05 	 -3.12378e-14 	 1.14385e+09 	 1 	 0.126321 	 7.91632e+07 	 1 	 1 	 1 	 145
0.29805 	 0.00837563 	 4.82791e-12 	 1.73484e+09 	 118.13 	 0.11898 	 992.856 	 1 	 1 	 1 	 145
0.600534 	 0.012102 	 9.8072e-12 	 1.23399e+09 	 175.243 	 0.233929 	 749.129 	 1 	 1 	 1 	 145
0.90787 	 0.0144416 	 1.48905e-11 	 9.69854e+08 	 209.36 	 0.110031 	 1902.74 	 1 	 1 	 1 	 145
1.19306 	 0.0159264 	 1.96189e-11 	 8.11789e+08 	 229.241 	 0.182769 	 1254.27 	 1 	 1 	 1 	 145
1.51573 	 0.0171279 	 2.49767e-11 	 6.85755e+08 	 243.795 	 0.198472 	 1228.36 	 1 	 1 	 1 	 145
1.80275 	 0.017904 	 2.97475e-11 	 6.01867e+08 	 248.029 	 0.14364 	 1726.74 	 1 	 1 	 1 	 145
2.09044 	 0.018514 	 3.45321e-11 	 5.36138e+08 	 250.877 	 0.108213 	 2318.37 	 1 	 1 	 1 	 145
2.41172 	 0.0190525 	 3.98777e-11 	 4.77772e+08 	 251.006 	 0.13803 	 1818.49 	 1 	 1 	 1 	 145
2.69977 	 0.0194244 	 4.46724e-11 	 4.34818e+08 	 249.106 	 0.10536 	 2364.33 	 1 	 1 	 1 	 145
2.9824 	 0.0197159 	 4.93781e-11 	 3.99284e+08 	 245.883 	 0.102293 	 2403.71 	 1 	 1 	 1 	 145
3.30935 	 0.0199683 	 5.48231e-11 	 3.64232e+08 	 240.651 	 0.0961739 	 2502.25 	 1 	 1 	 1 	 145
3.59504 	 0.0201347 	 5.95817e-11 	 3.37935e+08 	 234.808 	 0.102118 	 2299.37 	 1 	 1 	 1 	 145
3.90061 	 0.0202716 	 6.46723e-11 	 3.13451e+08 	 227.83 	 0.0988951 	 2303.76 	 1 	 1 	 1 	 145
4.20445 	 0.0203614 	 6.97348e-11 	 2.91983e+08 	 220.028 	 0.0999979 	 2200.32 	 1 	 1 	 1 	 145
4.4907 	 0.0203946 	 7.45051e-11 	 2.73734e+08 	 211.466 	 0.263396 	 802.845 	 1 	 1 	 1 	 145
4.81295 	 0.0204112 	 7.98757e-11 	 2.55538e+08 	 201.183 	 0.104053 	 1933.47 	 1 	 1 	 1 	 145
5.10211 	 0.0203748 	 8.46956e-11 	 2.40566e+08 	 191.542 	 0.116773 	 1640.3 	 1 	 1 	 1 	 145
5.38757 	 0.02032 	 8.94542e-11 	 2.27155e+08 	 181.794 	 0.119073 	 1526.75 	 1 	 1 	 1 	 145
5.71179 	 0.0202229 	 9.48595e-11 	 2.13188e+08 	 171.114 	 0.145487 	 1176.14 	 1 	 1 	 1 	 145
5.99861 	 0.020105 	 9.96417e-11 	 2.01773e+08 	 161.929 	 2.7647 	 58.5703 	 1 	 1 	 1 	 145
