AverageLoadCurve_run300824_chan415
Vbias_V 	 Vbol_V 	 Ibol_A 	 Rbol_ohm 	 PAmp_mV 	 RMS_mV 	 SNR 	 APAmp_mV 	 OFRMS_mV 	 OFSNR 	 Gain 
-0.003348 	 -0.000225392 	 -5.20435e-14 	 4.33085e+09 	 1 	 0.862468 	 1.15946e+07 	 1 	 1 	 1 	 145
0.292145 	 0.0122601 	 4.66475e-12 	 2.62824e+09 	 144.388 	 0.93519 	 154.394 	 1 	 1 	 1 	 145
0.595513 	 0.0167832 	 9.6455e-12 	 1.74001e+09 	 218.047 	 2.88176 	 75.6647 	 1 	 1 	 1 	 145
0.903279 	 0.019355 	 1.47321e-11 	 1.3138e+09 	 265.081 	 0.930682 	 284.824 	 1 	 1 	 1 	 145
1.18847 	 0.0208848 	 1.94597e-11 	 1.07324e+09 	 290.897 	 0.947457 	 307.029 	 1 	 1 	 1 	 145
1.51053 	 0.0220511 	 2.4808e-11 	 8.88872e+08 	 308.603 	 0.880553 	 350.465 	 1 	 1 	 1 	 145
1.79916 	 0.0227745 	 2.96065e-11 	 7.6924e+08 	 315.238 	 0.974536 	 323.474 	 1 	 1 	 1 	 145
2.08486 	 0.0232776 	 3.43596e-11 	 6.7747e+08 	 318.928 	 0.898481 	 354.964 	 1 	 1 	 1 	 145
2.4074 	 0.0236773 	 3.97287e-11 	 5.95974e+08 	 317.261 	 0.815499 	 389.04 	 1 	 1 	 1 	 145
2.69531 	 0.0238976 	 4.45236e-11 	 5.36741e+08 	 312.198 	 0.941679 	 331.534 	 1 	 1 	 1 	 145
2.97967 	 0.0240196 	 4.92609e-11 	 4.87599e+08 	 303.706 	 0.900005 	 337.449 	 1 	 1 	 1 	 145
3.30578 	 0.0240289 	 5.46959e-11 	 4.39319e+08 	 289.948 	 1.06957 	 271.088 	 1 	 1 	 1 	 145
3.59153 	 0.0239399 	 5.94599e-11 	 4.02623e+08 	 276.561 	 1.38244 	 200.053 	 1 	 1 	 1 	 145
3.91356 	 0.0237193 	 6.48306e-11 	 3.65865e+08 	 264.202 	 2.52982 	 104.435 	 1 	 1 	 1 	 145
4.20193 	 0.0202218 	 6.96951e-11 	 2.90147e+08 	 1 	 730.252 	 13693.9 	 1 	 1 	 1 	 145
4.48931 	 0.0199582 	 7.44892e-11 	 2.67934e+08 	 1 	 734.907 	 13607.2 	 1 	 1 	 1 	 145
4.81135 	 0.0198267 	 7.98588e-11 	 2.48272e+08 	 1 	 738.256 	 13545.4 	 1 	 1 	 1 	 145
5.10107 	 0.0197387 	 8.46888e-11 	 2.33073e+08 	 1 	 737.659 	 13556.4 	 1 	 1 	 1 	 145
5.38406 	 0.0196858 	 8.94063e-11 	 2.20183e+08 	 1 	 734.877 	 13607.7 	 1 	 1 	 1 	 145
5.70873 	 0.0196251 	 9.48184e-11 	 2.06976e+08 	 1 	 731.238 	 13675.4 	 1 	 1 	 1 	 145
5.99103 	 0.019565 	 9.95245e-11 	 1.96585e+08 	 1 	 725.652 	 13780.7 	 1 	 1 	 1 	 145
