AverageLoadCurve_run300824_chan420
Vbias_V 	 Vbol_V 	 Ibol_A 	 Rbol_ohm 	 PAmp_mV 	 RMS_mV 	 SNR 	 APAmp_mV 	 OFRMS_mV 	 OFSNR 	 Gain 
-0.002917 	 -0.00010824 	 -4.68127e-14 	 2.31219e+09 	 0.50148 	 0.262554 	 1.91001 	 1 	 1 	 1 	 145
0.297646 	 0.00811447 	 4.82553e-12 	 1.68157e+09 	 57.7742 	 0.247417 	 233.51 	 1 	 1 	 1 	 145
0.598607 	 0.0118541 	 9.77922e-12 	 1.21217e+09 	 89.9334 	 0.309775 	 290.318 	 1 	 1 	 1 	 145
0.906396 	 0.0142075 	 1.48698e-11 	 9.55458e+08 	 111.921 	 0.293433 	 381.418 	 1 	 1 	 1 	 145
1.18961 	 0.0157196 	 1.95648e-11 	 8.03464e+08 	 126.358 	 0.297644 	 424.529 	 1 	 1 	 1 	 145
1.51205 	 0.016942 	 2.49185e-11 	 6.79895e+08 	 137.829 	 0.295031 	 467.17 	 1 	 1 	 1 	 145
1.80174 	 0.0177655 	 2.97329e-11 	 5.97503e+08 	 145.033 	 0.29083 	 498.686 	 1 	 1 	 1 	 145
2.08843 	 0.0183872 	 3.45007e-11 	 5.32951e+08 	 150.062 	 0.292303 	 513.379 	 1 	 1 	 1 	 145
2.41077 	 0.018956 	 3.98635e-11 	 4.75524e+08 	 153.746 	 0.256525 	 599.341 	 1 	 1 	 1 	 145
2.69629 	 0.0193437 	 4.46157e-11 	 4.33563e+08 	 155.537 	 0.269391 	 577.364 	 1 	 1 	 1 	 145
2.98258 	 0.0196413 	 4.93824e-11 	 3.97738e+08 	 156.032 	 0.26522 	 588.311 	 1 	 1 	 1 	 145
3.32154 	 0.0199299 	 5.50268e-11 	 3.62186e+08 	 155.763 	 0.250598 	 621.566 	 1 	 1 	 1 	 145
3.59219 	 0.0201243 	 5.95344e-11 	 3.38028e+08 	 154.315 	 0.230169 	 670.443 	 1 	 1 	 1 	 145
3.91505 	 0.0202724 	 6.49129e-11 	 3.12302e+08 	 152.016 	 0.246987 	 615.481 	 1 	 1 	 1 	 145
4.20198 	 0.0203746 	 6.96934e-11 	 2.92346e+08 	 149.671 	 0.239682 	 624.459 	 1 	 1 	 1 	 145
4.48788 	 0.0204229 	 7.44577e-11 	 2.74289e+08 	 146.021 	 0.225594 	 647.272 	 1 	 1 	 1 	 145
4.81364 	 0.0204598 	 7.98863e-11 	 2.56111e+08 	 141.674 	 0.233514 	 606.702 	 1 	 1 	 1 	 145
5.09999 	 0.020457 	 8.46589e-11 	 2.41641e+08 	 137.385 	 0.220883 	 621.979 	 1 	 1 	 1 	 145
5.38699 	 0.0204332 	 8.94427e-11 	 2.2845e+08 	 132.655 	 0.239663 	 553.506 	 1 	 1 	 1 	 145
5.71015 	 0.0203648 	 9.48298e-11 	 2.14752e+08 	 126.993 	 0.353354 	 359.394 	 1 	 1 	 1 	 145
5.99421 	 0.0202961 	 9.95652e-11 	 2.03848e+08 	 1 	 0.420429 	 2.37852e+07 	 1 	 1 	 1 	 145
