AverageLoadCurve_run300824_chan453
Vbias_V 	 Vbol_V 	 Ibol_A 	 Rbol_ohm 	 PAmp_mV 	 RMS_mV 	 SNR 	 APAmp_mV 	 OFRMS_mV 	 OFSNR 	 Gain 
-0.001171 	 -4.76772e-05 	 -1.8722e-14 	 2.54658e+09 	 0.583511 	 0.156551 	 3.72729 	 1 	 1 	 1 	 145
0.293986 	 0.00912683 	 4.74765e-12 	 1.92239e+09 	 91.7329 	 0.265927 	 344.955 	 1 	 1 	 1 	 145
0.595003 	 0.0131619 	 9.69735e-12 	 1.35726e+09 	 141.573 	 0.252771 	 560.083 	 1 	 1 	 1 	 145
0.905619 	 0.0156484 	 1.48328e-11 	 1.05499e+09 	 169.9 	 0.201127 	 844.743 	 1 	 1 	 1 	 145
1.18963 	 0.0172157 	 1.95402e-11 	 8.8104e+08 	 188.282 	 0.192476 	 978.207 	 1 	 1 	 1 	 145
1.51298 	 0.0184842 	 2.49083e-11 	 7.4209e+08 	 202.061 	 0.179568 	 1125.26 	 1 	 1 	 1 	 145
1.7993 	 0.0193114 	 2.96665e-11 	 6.50947e+08 	 209.663 	 0.168809 	 1242.01 	 1 	 1 	 1 	 145
2.0862 	 0.0199627 	 3.44372e-11 	 5.79683e+08 	 214.089 	 0.157946 	 1355.46 	 1 	 1 	 1 	 145
2.40849 	 0.0205388 	 3.97991e-11 	 5.16062e+08 	 217.104 	 0.152753 	 1421.27 	 1 	 1 	 1 	 145
2.69286 	 0.0209454 	 4.4532e-11 	 4.70346e+08 	 217.711 	 0.208299 	 1045.19 	 1 	 1 	 1 	 145
2.98012 	 0.0212724 	 4.93142e-11 	 4.31365e+08 	 217.413 	 0.147517 	 1473.82 	 1 	 1 	 1 	 145
3.30598 	 0.0215772 	 5.474e-11 	 3.94176e+08 	 215.886 	 0.142698 	 1512.88 	 1 	 1 	 1 	 145
3.58644 	 0.0217874 	 5.94108e-11 	 3.66724e+08 	 213.916 	 0.143652 	 1489.13 	 1 	 1 	 1 	 145
3.89446 	 0.02197 	 6.45415e-11 	 3.40402e+08 	 211.105 	 0.14229 	 1483.63 	 1 	 1 	 1 	 145
4.19929 	 0.0221115 	 6.96197e-11 	 3.17604e+08 	 207.762 	 0.147655 	 1407.08 	 1 	 1 	 1 	 145
4.48559 	 0.0222116 	 7.43896e-11 	 2.98585e+08 	 204.197 	 0.140633 	 1451.99 	 1 	 1 	 1 	 145
4.80819 	 0.0223001 	 7.97648e-11 	 2.79573e+08 	 199.658 	 0.169818 	 1175.71 	 1 	 1 	 1 	 145
5.09644 	 0.0223514 	 8.45681e-11 	 2.64301e+08 	 195.458 	 0.165361 	 1182.01 	 1 	 1 	 1 	 145
5.37725 	 0.022385 	 8.92478e-11 	 2.50819e+08 	 190.842 	 0.527103 	 362.059 	 1 	 1 	 1 	 145
5.70175 	 0.0223903 	 9.46559e-11 	 2.36545e+08 	 184.788 	 0.453835 	 407.17 	 1 	 1 	 1 	 145
5.98952 	 0.0223527 	 9.94528e-11 	 2.24757e+08 	 178.274 	 0.495942 	 359.466 	 1 	 1 	 1 	 145
