AverageLoadCurve_run300824_chan469
Vbias_V 	 Vbol_V 	 Ibol_A 	 Rbol_ohm 	 PAmp_mV 	 RMS_mV 	 SNR 	 APAmp_mV 	 OFRMS_mV 	 OFSNR 	 Gain 
-0.003347 	 -0.00031564 	 -5.05227e-14 	 6.24749e+09 	 0.277924 	 0.138699 	 2.00379 	 2.56348 	 0.00324431 	 790.145 	 145
0.295648 	 0.0147891 	 4.68098e-12 	 3.1594e+09 	 99.95 	 0.521589 	 191.626 	 100.408 	 0.310612 	 323.259 	 145
0.599788 	 0.0195788 	 9.67015e-12 	 2.02467e+09 	 151.523 	 7.03084 	 21.5512 	 151.626 	 1.11233 	 136.313 	 145
0.905046 	 0.0222458 	 1.47133e-11 	 1.51195e+09 	 182.113 	 0.231701 	 785.983 	 182.548 	 0.17395 	 1049.42 	 145
1.19206 	 0.0238755 	 1.94697e-11 	 1.22629e+09 	 201.156 	 0.237803 	 845.897 	 201.353 	 0.149708 	 1344.98 	 145
1.51441 	 0.0251244 	 2.48215e-11 	 1.01221e+09 	 213.416 	 0.208604 	 1023.07 	 213.682 	 0.135668 	 1575.03 	 145
1.8011 	 0.02591 	 2.95866e-11 	 8.75735e+08 	 219.928 	 0.17225 	 1276.8 	 219.994 	 0.123964 	 1774.66 	 145
2.08757 	 0.0264743 	 3.43516e-11 	 7.70685e+08 	 221.829 	 0.225176 	 985.134 	 222.221 	 0.13509 	 1644.98 	 145
2.41108 	 0.0269345 	 3.97357e-11 	 6.77841e+08 	 222.753 	 0.171006 	 1302.6 	 222.926 	 0.103417 	 2155.61 	 145
2.69763 	 0.0272176 	 4.45069e-11 	 6.11536e+08 	 220.734 	 0.166685 	 1324.26 	 220.86 	 0.095959 	 2301.6 	 145
2.98163 	 0.02739 	 4.92373e-11 	 5.56285e+08 	 216.876 	 0.136628 	 1587.34 	 217.062 	 0.099835 	 2174.21 	 145
3.30679 	 0.027432 	 5.46559e-11 	 5.01904e+08 	 212.004 	 0.213333 	 993.767 	 212.208 	 0.0900471 	 2356.63 	 145
3.59344 	 0.0273258 	 5.94353e-11 	 4.59757e+08 	 214.969 	 2.00999 	 106.95 	 215.765 	 0.112903 	 1911.06 	 145
3.89904 	 0.0228505 	 6.46031e-11 	 3.53706e+08 	 1 	 778.443 	 12846.2 	 1 	 1 	 1 	 145
4.20674 	 0.0225999 	 6.97356e-11 	 3.2408e+08 	 1 	 789.856 	 12660.5 	 1 	 1 	 1 	 145
4.48856 	 0.0224786 	 7.44348e-11 	 3.01991e+08 	 1 	 793.119 	 12608.4 	 1 	 1 	 1 	 145
4.8135 	 0.0223767 	 7.9852e-11 	 2.80227e+08 	 1 	 794.926 	 12579.8 	 1 	 1 	 1 	 145
5.09985 	 0.0222949 	 8.46258e-11 	 2.63453e+08 	 1 	 794.448 	 12587.4 	 1 	 1 	 1 	 145
5.38774 	 0.0222393 	 8.9425e-11 	 2.48692e+08 	 1 	 793.321 	 12605.2 	 1 	 1 	 1 	 145
5.70812 	 0.0221843 	 9.47656e-11 	 2.34097e+08 	 1 	 791.051 	 12641.4 	 1 	 1 	 1 	 145
5.99569 	 0.0221339 	 9.95593e-11 	 2.22319e+08 	 1 	 787.964 	 12690.9 	 1 	 1 	 1 	 145
