AverageLoadCurve_run301302_chan418
Vbias_V 	 Vbol_V 	 Ibol_A 	 Rbol_ohm 	 PAmp_mV 	 RMS_mV 	 SNR 	 APAmp_mV 	 OFRMS_mV 	 OFSNR 	 Gain 
-0.00017 	 8.55012e-07 	 -2.84758e-15 	 -3.00259e+08 	 1 	 0.178508 	 5.602e+07 	 1 	 1 	 1 	 206
0.59955 	 0.00271036 	 9.94733e-12 	 2.72471e+08 	 18.8962 	 0.213619 	 88.4574 	 18.9056 	 0.100367 	 188.364 	 206
1.39986 	 0.00567944 	 2.32363e-11 	 2.44421e+08 	 35.9491 	 0.279232 	 128.743 	 36.0088 	 0.0984502 	 365.757 	 206
3.00093 	 0.00965788 	 4.98546e-11 	 1.93721e+08 	 52.4721 	 0.299903 	 174.964 	 52.5433 	 0.08095 	 649.083 	 206
5.00095 	 0.0125774 	 8.31396e-11 	 1.51281e+08 	 58.7198 	 0.284975 	 206.052 	 58.8238 	 0.0626005 	 939.67 	 206
6.5011 	 0.0139866 	 1.08119e-10 	 1.29363e+08 	 59.2627 	 0.25004 	 237.013 	 59.3427 	 0.0502373 	 1181.25 	 206
8.0031 	 0.0150146 	 1.33135e-10 	 1.12777e+08 	 58.2077 	 0.248442 	 234.291 	 58.328 	 0.0435348 	 1339.8 	 206
8.99847 	 0.00778442 	 1.49845e-10 	 5.19499e+07 	 57.0265 	 0.227786 	 250.351 	 57.1095 	 0.0382372 	 1493.56 	 206
9.99897 	 0.015986 	 1.66383e-10 	 9.60797e+07 	 55.7653 	 0.207445 	 268.82 	 55.8586 	 0.0353984 	 1578 	 206
12.0016 	 0.0166718 	 1.99748e-10 	 8.34643e+07 	 52.627 	 0.188836 	 278.691 	 52.7215 	 0.0299473 	 1760.47 	 206
14.0026 	 0.0171584 	 2.33091e-10 	 7.36125e+07 	 49.2719 	 0.18662 	 264.022 	 49.3202 	 0.0262706 	 1877.39 	 206
16.0031 	 0.0175014 	 2.66426e-10 	 6.56895e+07 	 45.8076 	 0.167512 	 273.459 	 45.9023 	 0.0215253 	 2132.48 	 206
18.0001 	 0.0177409 	 2.99707e-10 	 5.91942e+07 	 42.1508 	 0.157677 	 267.324 	 42.2618 	 0.0195973 	 2156.51 	 206
18.996 	 0.0178348 	 3.16303e-10 	 5.63852e+07 	 40.4264 	 0.146106 	 276.692 	 40.5109 	 0.0177763 	 2278.93 	 206
19.4968 	 0.0178678 	 3.24648e-10 	 5.50375e+07 	 39.5252 	 0.147301 	 268.33 	 39.6037 	 0.0176687 	 2241.46 	 206
21.0011 	 0.0179604 	 3.49719e-10 	 5.13568e+07 	 36.6776 	 0.123439 	 297.132 	 36.7458 	 0.0161553 	 2274.53 	 206
23.0005 	 0.0180163 	 3.83041e-10 	 4.70348e+07 	 32.6477 	 0.11622 	 280.912 	 32.7377 	 0.0149311 	 2192.58 	 206
25.0005 	 0.0180186 	 4.16376e-10 	 4.32749e+07 	 28.2255 	 0.0945551 	 298.508 	 28.2944 	 0.0146499 	 1931.38 	 206
