AverageLoadCurve_run301302_chan481
Vbias_V 	 Vbol_V 	 Ibol_A 	 Rbol_ohm 	 PAmp_mV 	 RMS_mV 	 SNR 	 APAmp_mV 	 OFRMS_mV 	 OFSNR 	 Gain 
7.9e-05 	 1.47537e-06 	 1.29208e-15 	 1.14186e+09 	 1 	 0.366887 	 2.72563e+07 	 1 	 1 	 1 	 206
0.60008 	 0.00489488 	 9.91975e-12 	 4.93448e+08 	 31.1159 	 0.332159 	 93.6776 	 31.0198 	 0.186775 	 166.081 	 206
1.39848 	 0.00922607 	 2.31542e-11 	 3.98463e+08 	 51.184 	 0.306696 	 166.888 	 51.2535 	 0.162827 	 314.773 	 206
2.99956 	 0.0141322 	 4.97571e-11 	 2.84023e+08 	 66.3606 	 0.294519 	 225.319 	 66.5462 	 0.138167 	 481.637 	 206
5.0021 	 0.0173299 	 8.30795e-11 	 2.08594e+08 	 69.1275 	 0.308554 	 224.037 	 69.2139 	 0.111822 	 618.964 	 206
6.5007 	 0.0187564 	 1.08032e-10 	 1.73618e+08 	 67.4861 	 0.259689 	 259.873 	 67.5761 	 0.0892641 	 757.035 	 206
7.99998 	 0.0197405 	 1.33004e-10 	 1.4842e+08 	 64.5273 	 0.233566 	 276.27 	 64.5996 	 0.0746166 	 865.753 	 206
8.99665 	 0.0202315 	 1.49607e-10 	 1.35231e+08 	 62.3116 	 0.260409 	 239.284 	 62.3886 	 0.0700042 	 891.212 	 206
9.99866 	 0.0206192 	 1.66301e-10 	 1.23987e+08 	 59.7465 	 0.244951 	 243.912 	 59.8892 	 0.0643235 	 931.063 	 206
12.0016 	 0.0211898 	 1.99674e-10 	 1.06122e+08 	 54.8067 	 0.216813 	 252.783 	 54.9305 	 0.04554 	 1206.2 	 206
14.0014 	 0.0215489 	 2.32997e-10 	 9.2486e+07 	 49.6983 	 0.181494 	 273.829 	 49.7795 	 0.0374425 	 1329.49 	 206
15.9993 	 0.021739 	 2.66293e-10 	 8.16356e+07 	 43.703 	 0.551747 	 79.2084 	 44.0277 	 0.0330667 	 1331.48 	 206
17.9976 	 0.0217882 	 2.99597e-10 	 7.27252e+07 	 37.2712 	 0.650171 	 57.3252 	 37.4668 	 0.0472253 	 793.363 	 206
18.9988 	 0.0217527 	 3.16283e-10 	 6.87761e+07 	 33.2277 	 0.892753 	 37.2193 	 33.7017 	 0.029371 	 1147.45 	 206
19.499 	 0.0217144 	 3.24621e-10 	 6.68915e+07 	 31.1575 	 0.960969 	 32.423 	 31.9073 	 0.030477 	 1046.93 	 206
21.0024 	 0.0215362 	 3.49682e-10 	 6.1588e+07 	 24.6877 	 1.33606 	 18.478 	 25.4288 	 0.0516926 	 491.923 	 206
22.9985 	 0.0211876 	 3.82956e-10 	 5.53265e+07 	 15.4427 	 4.88624 	 3.16045 	 24.9004 	 0.174311 	 142.851 	 206
24.9994 	 0.0200539 	 4.16322e-10 	 4.81693e+07 	 1 	 285.741 	 34996.7 	 1 	 1 	 1 	 206
