AverageLoadCurve_run301302_chan372
Vbias_V 	 Vbol_V 	 Ibol_A 	 Rbol_ohm 	 PAmp_mV 	 RMS_mV 	 SNR 	 APAmp_mV 	 OFRMS_mV 	 OFSNR 	 Gain 
-0.002969 	 -1.09612e-05 	 -4.93006e-14 	 2.22333e+08 	 0.901276 	 0.359149 	 2.50948 	 1.92261 	 0.00478009 	 402.212 	 206
0.598792 	 0.00194229 	 9.9475e-12 	 1.95254e+08 	 18.2641 	 0.331765 	 55.0514 	 18.3449 	 0.0893244 	 205.374 	 206
1.39727 	 0.00417402 	 2.32183e-11 	 1.79773e+08 	 35.6937 	 0.329015 	 108.487 	 35.8967 	 0.0890663 	 403.033 	 206
3.00061 	 0.00738824 	 4.9887e-11 	 1.481e+08 	 54.2266 	 0.302176 	 179.454 	 54.3671 	 0.0800306 	 679.328 	 206
5.00217 	 0.00986363 	 8.32051e-11 	 1.18546e+08 	 61.6598 	 0.262494 	 234.899 	 61.8198 	 0.0664848 	 929.834 	 206
6.50036 	 0.0110722 	 1.08155e-10 	 1.02374e+08 	 61.6118 	 0.229423 	 268.552 	 61.7727 	 0.0523054 	 1181 	 206
8.00125 	 0.0119449 	 1.33155e-10 	 8.97064e+07 	 59.7518 	 0.209827 	 284.767 	 59.8572 	 0.0547652 	 1092.98 	 206
9.00119 	 0.012391 	 1.49813e-10 	 8.27097e+07 	 57.9143 	 0.19713 	 293.787 	 58.0227 	 0.0419162 	 1384.26 	 206
10.0014 	 0.01275 	 1.66478e-10 	 7.65865e+07 	 55.6029 	 0.180052 	 308.816 	 55.6995 	 0.0366127 	 1521.32 	 206
12.0018 	 0.01328 	 1.99808e-10 	 6.64637e+07 	 50.0758 	 0.158143 	 316.648 	 50.148 	 0.0304992 	 1644.24 	 206
13.9995 	 0.0136193 	 2.33098e-10 	 5.84272e+07 	 44.0956 	 0.135801 	 324.708 	 44.1799 	 0.0232148 	 1903.09 	 206
16.0007 	 0.0138093 	 2.66449e-10 	 5.18273e+07 	 37.9403 	 0.124379 	 305.037 	 38.0196 	 0.0187021 	 2032.9 	 206
18.0013 	 0.0139 	 2.9979e-10 	 4.63657e+07 	 31.9984 	 0.110163 	 290.464 	 32.0435 	 0.0161371 	 1985.7 	 206
18.9967 	 0.0139172 	 3.1638e-10 	 4.39888e+07 	 29.2392 	 0.103386 	 282.817 	 29.2957 	 0.0152334 	 1923.12 	 206
19.4981 	 0.0139168 	 3.24736e-10 	 4.28558e+07 	 27.9696 	 0.100104 	 279.406 	 28.038 	 0.0149611 	 1874.06 	 206
20.9967 	 0.0139039 	 3.49714e-10 	 3.9758e+07 	 24.2264 	 0.0964493 	 251.182 	 24.3174 	 0.0144945 	 1677.7 	 206
23.001 	 0.013852 	 3.83119e-10 	 3.6156e+07 	 19.86 	 0.088491 	 224.43 	 19.9293 	 0.0154609 	 1289.01 	 206
25.0009 	 0.0137797 	 4.16451e-10 	 3.30884e+07 	 16.1862 	 0.0818746 	 197.695 	 16.23 	 0.0151934 	 1068.23 	 206
