AverageLoadCurve_run301302_chan479
Vbias_V 	 Vbol_V 	 Ibol_A 	 Rbol_ohm 	 PAmp_mV 	 RMS_mV 	 SNR 	 APAmp_mV 	 OFRMS_mV 	 OFSNR 	 Gain 
-0.003079 	 -2.82795e-05 	 -5.08453e-14 	 5.56187e+08 	 1 	 0.263275 	 3.79831e+07 	 1 	 1 	 1 	 206
0.600067 	 0.00556965 	 9.90829e-12 	 5.62121e+08 	 13.7181 	 0.247413 	 55.446 	 13.6986 	 0.119059 	 115.057 	 206
1.39611 	 0.0102065 	 2.30984e-11 	 4.4187e+08 	 24.2224 	 0.231793 	 104.5 	 24.313 	 0.110566 	 219.895 	 206
3.00131 	 0.0152879 	 4.9767e-11 	 3.0719e+08 	 36.087 	 0.217333 	 166.044 	 36.1691 	 0.0944533 	 382.931 	 206
5.00334 	 0.0184747 	 8.30811e-11 	 2.22369e+08 	 42.722 	 0.218657 	 195.384 	 42.8261 	 0.0821876 	 521.077 	 206
6.50131 	 0.0198519 	 1.08024e-10 	 1.83772e+08 	 44.484 	 0.199426 	 223.06 	 44.5849 	 0.0703013 	 634.198 	 206
7.99849 	 0.020766 	 1.32962e-10 	 1.5618e+08 	 44.7804 	 0.193069 	 231.939 	 44.9409 	 0.0544693 	 825.069 	 206
8.99754 	 0.0212001 	 1.49606e-10 	 1.41707e+08 	 44.0153 	 0.194312 	 226.518 	 44.1238 	 0.0503373 	 876.564 	 206
9.9983 	 0.0215179 	 1.6628e-10 	 1.29408e+08 	 43.0462 	 0.187528 	 229.546 	 43.1465 	 0.0495307 	 871.106 	 206
12.0024 	 0.0218886 	 1.99675e-10 	 1.09621e+08 	 39.3478 	 0.175545 	 224.147 	 39.4215 	 0.03511 	 1122.8 	 206
13.9995 	 0.0219138 	 2.3296e-10 	 9.40669e+07 	 1 	 0.175142 	 5.70965e+07 	 1 	 1 	 1 	 206
15.9982 	 0.0216343 	 2.66276e-10 	 8.12479e+07 	 1 	 0.216849 	 4.6115e+07 	 1 	 1 	 1 	 206
17.9996 	 0.019972 	 2.99661e-10 	 6.66487e+07 	 1 	 428.089 	 23359.6 	 1 	 1 	 1 	 206
18.9979 	 0.0198631 	 3.16301e-10 	 6.27981e+07 	 1 	 405.707 	 24648.3 	 1 	 1 	 1 	 206
19.4989 	 0.0198211 	 3.24651e-10 	 6.10536e+07 	 1 	 392.204 	 25496.9 	 1 	 1 	 1 	 206
21.0002 	 0.0197229 	 3.49675e-10 	 5.64034e+07 	 1 	 347.688 	 28761.4 	 1 	 1 	 1 	 206
22.9972 	 0.0196154 	 3.8296e-10 	 5.12206e+07 	 1 	 284.173 	 35189.8 	 1 	 1 	 1 	 206
24.9998 	 0.019522 	 4.16338e-10 	 4.68898e+07 	 1 	 221.597 	 45126.9 	 1 	 1 	 1 	 206
