AverageLoadCurve_run301311_chan473
Vbias_V 	 Vbol_V 	 Ibol_A 	 Rbol_ohm 	 PAmp_mV 	 RMS_mV 	 SNR 	 APAmp_mV 	 OFRMS_mV 	 OFSNR 	 Gain 
-0.001686 	 -3.92389e-06 	 -2.80346e-14 	 1.39966e+08 	 1 	 0.284084 	 3.52009e+07 	 1 	 1 	 1 	 412
0.096479 	 0.000311191 	 1.6028e-12 	 1.94155e+08 	 3.84463 	 0.29439 	 13.0596 	 3.81317 	 0.0923218 	 41.3031 	 412
0.4971 	 0.00156588 	 8.2589e-12 	 1.89599e+08 	 15.4736 	 0.279173 	 55.4265 	 15.485 	 0.126525 	 122.387 	 412
0.997991 	 0.00303476 	 1.65826e-11 	 1.83009e+08 	 28.3179 	 0.276002 	 102.6 	 28.4742 	 0.134643 	 211.48 	 412
3.00019 	 0.0075373 	 4.98776e-11 	 1.51116e+08 	 61.7729 	 0.251911 	 245.217 	 61.9596 	 0.104659 	 592.016 	 412
4.00197 	 0.00914124 	 6.65471e-11 	 1.37365e+08 	 70.8711 	 0.241693 	 293.228 	 71.0724 	 0.106865 	 665.067 	 412
5.00207 	 0.0104361 	 8.31939e-11 	 1.25443e+08 	 76.7641 	 0.229023 	 335.18 	 76.973 	 0.093146 	 826.369 	 412
6.00083 	 0.01151 	 9.9822e-11 	 1.15305e+08 	 80.7495 	 0.217729 	 370.871 	 80.9555 	 0.0861635 	 939.557 	 412
7.00197 	 0.0124213 	 1.16493e-10 	 1.06627e+08 	 82.9269 	 0.20927 	 396.267 	 83.0905 	 0.0806823 	 1029.85 	 412
7.49797 	 0.00639471 	 1.2486e-10 	 5.12152e+07 	 83.8771 	 0.205125 	 408.908 	 84.05 	 0.0734001 	 1145.09 	 412
7.99584 	 0.013171 	 1.33044e-10 	 9.89968e+07 	 83.3477 	 0.199593 	 417.587 	 83.4532 	 0.0767608 	 1087.18 	 412
8.49617 	 0.0135134 	 1.41378e-10 	 9.55839e+07 	 84.8185 	 0.194079 	 437.031 	 84.9853 	 0.0713791 	 1190.62 	 412
8.99801 	 0.0138209 	 1.49736e-10 	 9.23014e+07 	 84.923 	 0.186655 	 454.972 	 85.0487 	 0.0675947 	 1258.22 	 412
9.49885 	 0.0141058 	 1.58079e-10 	 8.92324e+07 	 83.9845 	 0.183734 	 457.098 	 84.082 	 0.0634882 	 1324.37 	 412
9.99859 	 0.014384 	 1.66403e-10 	 8.64408e+07 	 83.8869 	 0.181401 	 462.44 	 84.0099 	 0.0632022 	 1329.23 	 412
10.4976 	 0.0146345 	 1.74716e-10 	 8.37615e+07 	 83.4783 	 0.179271 	 465.655 	 83.6067 	 0.0600442 	 1392.42 	 412
10.9992 	 0.0148582 	 1.83073e-10 	 8.116e+07 	 84.2965 	 0.174863 	 482.072 	 84.4612 	 0.0587469 	 1437.71 	 412
12.002 	 0.0152783 	 1.99779e-10 	 7.6476e+07 	 83.6113 	 0.167893 	 498.004 	 83.7402 	 0.0546865 	 1531.28 	 412
14.9996 	 0.0162558 	 2.49723e-10 	 6.50954e+07 	 79.9802 	 0.147806 	 541.115 	 80.1353 	 0.0444413 	 1803.17 	 412
18.001 	 0.01693 	 2.99734e-10 	 5.64835e+07 	 75.6827 	 0.13448 	 562.779 	 75.8006 	 0.0404454 	 1874.15 	 412
19.9985 	 0.017258 	 3.33021e-10 	 5.18226e+07 	 70.3499 	 0.126897 	 554.387 	 70.6158 	 0.0371117 	 1902.79 	 412
