AverageLoadCurve_run300863_chan417
Vbias_V 	 Vbol_V 	 Ibol_A 	 Rbol_ohm 	 PAmp_mV 	 RMS_mV 	 SNR 	 APAmp_mV 	 OFRMS_mV 	 OFSNR 	 Gain 
0.035737 	 -0 	 5.95617e-13 	 -0 	 40.4295 	 0.202097 	 200.05 	 1 	 1 	 1 	 145
0.139377 	 0.00625175 	 2.21875e-12 	 2.81769e+09 	 124.968 	 0.43237 	 289.029 	 1 	 1 	 1 	 145
0.277256 	 0.014292 	 4.38273e-12 	 3.26098e+09 	 195.503 	 0.300745 	 650.063 	 1 	 1 	 1 	 145
0.428626 	 0.0127639 	 6.93103e-12 	 1.84156e+09 	 249.25 	 0.787354 	 316.567 	 1 	 1 	 1 	 145
0.579838 	 0.0143695 	 9.42447e-12 	 1.5247e+09 	 283.399 	 0.15384 	 1842.17 	 1 	 1 	 1 	 145
0.696719 	 0.0195029 	 1.12869e-11 	 1.72792e+09 	 303.772 	 0.91271 	 332.824 	 1 	 1 	 1 	 145
0.849266 	 0.0204858 	 1.3813e-11 	 1.48308e+09 	 322.815 	 0.140386 	 2299.47 	 1 	 1 	 1 	 145
1.0011 	 0.0212054 	 1.63316e-11 	 1.29843e+09 	 336.057 	 0.138931 	 2418.88 	 1 	 1 	 1 	 145
1.1141 	 0.0174839 	 1.82769e-11 	 9.56614e+08 	 343.019 	 0.656347 	 522.618 	 1 	 1 	 1 	 145
1.26719 	 0.0179621 	 2.08205e-11 	 8.62712e+08 	 349.228 	 0.134016 	 2605.87 	 1 	 1 	 1 	 145
1.41718 	 0.0224999 	 2.32447e-11 	 9.67955e+08 	 352.096 	 0.132408 	 2659.17 	 1 	 1 	 1 	 145
1.55288 	 0.0227853 	 2.55015e-11 	 8.93487e+08 	 352.999 	 0.135986 	 2595.86 	 1 	 1 	 1 	 145
1.6838 	 0.0187968 	 2.77501e-11 	 6.77357e+08 	 352.76 	 0.125029 	 2821.43 	 1 	 1 	 1 	 145
1.83915 	 0.0232068 	 3.02657e-11 	 7.66767e+08 	 350.35 	 0.111425 	 3144.27 	 1 	 1 	 1 	 145
1.98977 	 0.0191408 	 3.28438e-11 	 5.82783e+08 	 346.724 	 0.118638 	 2922.54 	 1 	 1 	 1 	 145
2.10429 	 0.0234195 	 3.46812e-11 	 6.75281e+08 	 342.709 	 0.118005 	 2904.18 	 1 	 1 	 1 	 145
2.25803 	 0.0234867 	 3.72423e-11 	 6.30645e+08 	 336.634 	 0.556926 	 604.451 	 1 	 1 	 1 	 145
2.4091 	 0.0235416 	 3.97593e-11 	 5.92103e+08 	 330.158 	 0.110932 	 2976.21 	 1 	 1 	 1 	 145
2.52447 	 0.0192798 	 4.17531e-11 	 4.61758e+08 	 324.034 	 0.120118 	 2697.64 	 1 	 1 	 1 	 145
2.67599 	 0.0235054 	 4.4208e-11 	 5.317e+08 	 316.397 	 0.12906 	 2451.56 	 1 	 1 	 1 	 145
2.82727 	 0.0234396 	 4.67305e-11 	 5.01591e+08 	 308.923 	 0.145309 	 2125.97 	 1 	 1 	 1 	 145
2.95996 	 0.0233519 	 4.89434e-11 	 4.7712e+08 	 303.265 	 10.462 	 28.9873 	 1 	 1 	 1 	 145
3.09417 	 0.0232424 	 5.11821e-11 	 4.54112e+08 	 299.269 	 9.41587 	 31.7835 	 1 	 1 	 1 	 145
3.24823 	 0.0187597 	 5.38244e-11 	 3.48536e+08 	 292.441 	 420.937 	 0.694737 	 1 	 1 	 1 	 145
