AverageLoadCurve_run300863_chan378
Vbias_V 	 Vbol_V 	 Ibol_A 	 Rbol_ohm 	 PAmp_mV 	 RMS_mV 	 SNR 	 APAmp_mV 	 OFRMS_mV 	 OFSNR 	 Gain 
-0.898135 	 -0.0181044 	 -1.46672e-11 	 1.23435e+09 	 0.312228 	 0.266246 	 1.1727 	 1 	 1 	 1 	 145
0.16658 	 0.00894282 	 2.62729e-12 	 3.40383e+09 	 129.498 	 0.412638 	 313.829 	 1 	 1 	 1 	 145
0.342596 	 0.0128846 	 5.49519e-12 	 2.3447e+09 	 202.696 	 0.313669 	 646.21 	 1 	 1 	 1 	 145
0.527682 	 0.0335499 	 8.23554e-12 	 4.0738e+09 	 252.323 	 0.32844 	 768.247 	 1 	 1 	 1 	 145
0.676338 	 0.0349176 	 1.06903e-11 	 3.26627e+09 	 279.57 	 0.256775 	 1088.78 	 1 	 1 	 1 	 145
0.863746 	 0.0180219 	 1.40954e-11 	 1.27856e+09 	 302.806 	 0.264668 	 1144.1 	 1 	 1 	 1 	 145
1.03066 	 0.0188707 	 1.68631e-11 	 1.11905e+09 	 316.875 	 0.235924 	 1343.12 	 1 	 1 	 1 	 145
1.20108 	 0.0377184 	 1.93894e-11 	 1.94531e+09 	 326.094 	 0.240977 	 1353.22 	 1 	 1 	 1 	 145
1.38789 	 0.0201305 	 2.2796e-11 	 8.83074e+08 	 331.838 	 0.351813 	 943.222 	 1 	 1 	 1 	 145
1.55421 	 0.0204955 	 2.5562e-11 	 8.01797e+08 	 334.15 	 0.290524 	 1150.16 	 1 	 1 	 1 	 145
1.72491 	 0.0208276 	 2.84015e-11 	 7.33327e+08 	 334.051 	 0.194469 	 1717.76 	 1 	 1 	 1 	 145
1.90942 	 0.0211066 	 3.1472e-11 	 6.70646e+08 	 331.966 	 0.235961 	 1406.87 	 1 	 1 	 1 	 145
2.07569 	 0.0213101 	 3.42397e-11 	 6.2238e+08 	 329.03 	 0.389803 	 844.094 	 1 	 1 	 1 	 145
2.24595 	 0.0214725 	 3.70747e-11 	 5.79169e+08 	 324.076 	 0.261993 	 1236.97 	 1 	 1 	 1 	 145
2.4325 	 0.0397569 	 3.98791e-11 	 9.96937e+08 	 317.647 	 0.180578 	 1759.06 	 1 	 1 	 1 	 145
2.58043 	 0.0216522 	 4.26464e-11 	 5.07714e+08 	 311.074 	 0.18548 	 1677.13 	 1 	 1 	 1 	 145
2.76697 	 0.0216899 	 4.57547e-11 	 4.74048e+08 	 302.488 	 0.181688 	 1664.88 	 1 	 1 	 1 	 145
2.9321 	 0.0398525 	 4.82041e-11 	 8.26744e+08 	 294.141 	 0.171755 	 1712.56 	 1 	 1 	 1 	 145
3.10385 	 0.0217137 	 5.1369e-11 	 4.22701e+08 	 284.728 	 0.194193 	 1466.22 	 1 	 1 	 1 	 145
3.29089 	 0.0216781 	 5.44869e-11 	 3.9786e+08 	 274.301 	 0.205198 	 1336.76 	 1 	 1 	 1 	 145
3.45671 	 0.0216058 	 5.72517e-11 	 3.77383e+08 	 265.081 	 0.221287 	 1197.91 	 1 	 1 	 1 	 145
3.625 	 0.0215294 	 6.00579e-11 	 3.58478e+08 	 256.045 	 8.39469 	 30.5009 	 1 	 1 	 1 	 145
3.81171 	 0.0214292 	 6.31713e-11 	 3.39224e+08 	 246.852 	 6.98353 	 35.3477 	 1 	 1 	 1 	 145
3.97988 	 0.0394142 	 6.56744e-11 	 6.00146e+08 	 239.692 	 5.69294 	 42.1034 	 1 	 1 	 1 	 145
