AverageLoadCurve_run300863_chan390
Vbias_V 	 Vbol_V 	 Ibol_A 	 Rbol_ohm 	 PAmp_mV 	 RMS_mV 	 SNR 	 APAmp_mV 	 OFRMS_mV 	 OFSNR 	 Gain 
0.02691 	 0.00372405 	 3.86433e-13 	 9.63699e+09 	 28.6546 	 0.457824 	 62.5888 	 1 	 1 	 1 	 145
0.128511 	 0.01124 	 1.95452e-12 	 5.75078e+09 	 71.548 	 0.439713 	 162.715 	 1 	 1 	 1 	 145
0.247769 	 0.0152847 	 3.87474e-12 	 3.9447e+09 	 111.877 	 0.443328 	 252.358 	 1 	 1 	 1 	 145
0.389384 	 0.0181766 	 6.18679e-12 	 2.93797e+09 	 148.899 	 0.49702 	 299.583 	 1 	 1 	 1 	 145
0.52756 	 0.0200019 	 8.4593e-12 	 2.36449e+09 	 176.196 	 0.496468 	 354.898 	 1 	 1 	 1 	 145
0.651624 	 0.0211862 	 1.05073e-11 	 2.01633e+09 	 195.317 	 0.482927 	 404.444 	 1 	 1 	 1 	 145
0.773359 	 0.0220998 	 1.2521e-11 	 1.76502e+09 	 211.297 	 0.440827 	 479.32 	 1 	 1 	 1 	 145
0.913785 	 0.0228574 	 1.48488e-11 	 1.53934e+09 	 225.906 	 0.446057 	 506.451 	 1 	 1 	 1 	 145
1.03319 	 0.0234439 	 1.6829e-11 	 1.39306e+09 	 235.128 	 0.77479 	 303.473 	 1 	 1 	 1 	 145
1.15661 	 0.0238735 	 1.88789e-11 	 1.26456e+09 	 244.196 	 0.447348 	 545.874 	 1 	 1 	 1 	 145
1.29941 	 0.0242953 	 2.12519e-11 	 1.1432e+09 	 251.644 	 0.404858 	 621.562 	 1 	 1 	 1 	 145
1.43646 	 0.0246524 	 2.35301e-11 	 1.0477e+09 	 258.249 	 0.419107 	 616.188 	 1 	 1 	 1 	 145
1.55768 	 0.0248955 	 2.55464e-11 	 9.74523e+08 	 262.584 	 0.367641 	 714.241 	 1 	 1 	 1 	 145
1.6824 	 0.0251136 	 2.76214e-11 	 9.09208e+08 	 265.754 	 0.390154 	 681.15 	 1 	 1 	 1 	 145
1.8218 	 0.0252981 	 2.99417e-11 	 8.44911e+08 	 268.992 	 0.354518 	 758.753 	 1 	 1 	 1 	 145
1.96215 	 0.0254346 	 3.22786e-11 	 7.87972e+08 	 270.579 	 0.351331 	 770.154 	 1 	 1 	 1 	 145
2.0827 	 0.0254878 	 3.42869e-11 	 7.43367e+08 	 271.503 	 0.352366 	 770.514 	 1 	 1 	 1 	 145
2.20195 	 0.0256292 	 3.6272e-11 	 7.06583e+08 	 272.146 	 0.329895 	 824.947 	 1 	 1 	 1 	 145
2.34464 	 0.0257084 	 3.86489e-11 	 6.65178e+08 	 272.364 	 0.354918 	 767.399 	 1 	 1 	 1 	 145
2.46385 	 0.025737 	 4.06351e-11 	 6.33367e+08 	 272.48 	 0.363131 	 750.361 	 1 	 1 	 1 	 145
2.58495 	 0.0257408 	 4.26536e-11 	 6.03487e+08 	 271.69 	 0.34689 	 783.216 	 1 	 1 	 1 	 145
2.728 	 0.0257102 	 4.50382e-11 	 5.70854e+08 	 270.119 	 6.13794 	 44.0081 	 1 	 1 	 1 	 145
2.86769 	 0.0256188 	 4.73679e-11 	 5.40846e+08 	 1 	 0.420835 	 2.37623e+07 	 1 	 1 	 1 	 145
2.9899 	 0.0254656 	 4.94073e-11 	 5.15423e+08 	 1 	 0.566167 	 1.76626e+07 	 1 	 1 	 1 	 145
