AverageLoadCurve_run300863_chan366
Vbias_V 	 Vbol_V 	 Ibol_A 	 Rbol_ohm 	 PAmp_mV 	 RMS_mV 	 SNR 	 APAmp_mV 	 OFRMS_mV 	 OFSNR 	 Gain 
0.033165 	 -0 	 5.5275e-13 	 0 	 0.290955 	 0.120851 	 2.40754 	 1 	 1 	 1 	 145
0.1449 	 0.00449228 	 2.34013e-12 	 1.91967e+09 	 0.225533 	 0.123613 	 1.82451 	 1 	 1 	 1 	 145
0.279612 	 0.00746193 	 4.53583e-12 	 1.64511e+09 	 0.163706 	 0.123384 	 1.32681 	 1 	 1 	 1 	 145
0.431594 	 0.00963437 	 7.03266e-12 	 1.36995e+09 	 1 	 0.125163 	 7.9896e+07 	 1 	 1 	 1 	 145
0.561821 	 0.0127526 	 9.15114e-12 	 1.39355e+09 	 0.443588 	 0.128669 	 3.44752 	 1 	 1 	 1 	 145
0.695147 	 0.0137418 	 1.13568e-11 	 1.21001e+09 	 1 	 0.127119 	 7.86667e+07 	 1 	 1 	 1 	 145
0.848979 	 0.0146387 	 1.39057e-11 	 1.05272e+09 	 0.535233 	 0.115325 	 4.64109 	 1 	 1 	 1 	 145
1.00172 	 0.0152942 	 1.64404e-11 	 9.30283e+08 	 1 	 0.124566 	 8.02788e+07 	 1 	 1 	 1 	 145
1.13369 	 0.0157652 	 1.8632e-11 	 8.46134e+08 	 0.462868 	 0.143408 	 3.22764 	 1 	 1 	 1 	 145
1.26949 	 0.0161035 	 2.08898e-11 	 7.70881e+08 	 0.760071 	 0.111209 	 6.83462 	 1 	 1 	 1 	 145
1.41743 	 0.0164204 	 2.33502e-11 	 7.03223e+08 	 0.450211 	 0.107504 	 4.18784 	 1 	 1 	 1 	 145
1.55205 	 0.0166384 	 2.55902e-11 	 6.50184e+08 	 0.504044 	 0.108574 	 4.64238 	 1 	 1 	 1 	 145
1.68762 	 0.016816 	 2.78467e-11 	 6.03877e+08 	 0.459717 	 0.107774 	 4.26555 	 1 	 1 	 1 	 145
1.84075 	 0.0169482 	 3.03966e-11 	 5.57568e+08 	 0.364334 	 0.102214 	 3.56443 	 1 	 1 	 1 	 145
1.97188 	 0.0151354 	 3.26124e-11 	 4.64099e+08 	 0.434402 	 0.143556 	 3.02602 	 1 	 1 	 1 	 145
2.10457 	 0.017061 	 3.47919e-11 	 4.90373e+08 	 0.301048 	 0.102986 	 2.92319 	 1 	 1 	 1 	 145
2.25781 	 0.0170744 	 3.73456e-11 	 4.57199e+08 	 0.417206 	 0.105202 	 3.96576 	 1 	 1 	 1 	 145
2.4103 	 0.0170853 	 3.98869e-11 	 4.28344e+08 	 1 	 0.109021 	 9.17256e+07 	 1 	 1 	 1 	 145
2.54363 	 0.0170568 	 4.21095e-11 	 4.05059e+08 	 0.452026 	 0.11573 	 3.90587 	 1 	 1 	 1 	 145
2.67692 	 0.017017 	 4.43318e-11 	 3.83856e+08 	 0.42495 	 0.124673 	 3.40852 	 1 	 1 	 1 	 145
2.82697 	 0.0169528 	 4.68336e-11 	 3.61979e+08 	 1 	 0.13904 	 7.19216e+07 	 1 	 1 	 1 	 145
2.9611 	 0.0168851 	 4.90702e-11 	 3.44101e+08 	 1 	 0.165784 	 6.03195e+07 	 1 	 1 	 1 	 145
3.09492 	 0.0148875 	 5.13339e-11 	 2.90013e+08 	 0.475418 	 0.217496 	 2.18587 	 1 	 1 	 1 	 145
3.24922 	 0.0167224 	 5.3875e-11 	 3.10392e+08 	 1 	 0.277725 	 3.60069e+07 	 1 	 1 	 1 	 145
