Vbias(V) 	 Vbol(mV) 	 Ibol (pA) 	 Rbol(Gohm) 	 If(pA) 	  Vf(mV) 	 Vbol_corr(mV) 
0.010998		1.2251		0.162882		7.52139		0.162882		1.2251		1.2251
0.128887		8.67296		2.00357		4.32876		0		0		8.67296
0.24684		12.2193		3.91035		3.12485		-0.845131		-2.64091		12.2193
0.39276		14.914		6.29743		2.36827		-0.51466		-1.21886		14.914
0.511151		16.4424		8.24514		1.99419		-0.433364		-0.864212		16.4424
0.651769		17.7455		10.5671		1.67932		-0.392549		-0.659218		17.7455
1.15431		20.435		18.8979		1.08134		-0.317608		-0.343442		20.435
1.82021		21.8667		29.9724		0.729563		-0.295031		-0.215244		21.8667
1.94047		21.9776		31.9749		0.68734		-0.292334		-0.200933		21.9776
