Vbias(V) 	 Vbol(mV) 	 Ibol (pA) 	 Rbol(Gohm) 	 If(pA) 	  Vf(mV) 	 Vbol_corr(mV) 
-0.779242		-21.0303		-12.6369		1.6642		-12.6369		-21.0303		-21.0303
0.114525		9.95056		1.74291		5.70917		0		0		9.95056
0.227794		14.0032		3.56318		3.92996		12.2291		48.06		14.0032
0.3573		16.7471		5.67588		2.95056		7.8513		23.1657		16.7471
0.484602		18.5335		7.76781		2.38593		6.49281		15.4914		18.5335
1.06994		22.4431		17.4582		1.28553		4.85979		6.24741		22.4431
1.1783		22.7914		19.2584		1.18345		4.74813		5.6192		22.7914
2.38864		24.0446		39.41		0.610114		4.19933		2.56207		24.0446
2.49523		23.9686		41.1878		0.581935		4.17308		2.42846		23.9686
