AverageLoadCurve_run300863_chan478
Vbias_V 	 Vbol_V 	 Ibol_A 	 Rbol_ohm 	 PAmp_mV 	 RMS_mV 	 SNR 	 APAmp_mV 	 OFRMS_mV 	 OFSNR 	 Gain 
-0.758399 	 -0.0266633 	 -1.21956e-11 	 2.18631e+09 	 0.274246 	 0.428469 	 0.640061 	 1 	 1 	 1 	 145
0.115407 	 0.0143013 	 1.68509e-12 	 8.48695e+09 	 130.385 	 0.629657 	 207.073 	 1 	 1 	 1 	 145
0.203555 	 0.018265 	 3.08817e-12 	 5.91452e+09 	 197.125 	 0.731182 	 269.598 	 1 	 1 	 1 	 145
0.318969 	 0.0213877 	 4.95969e-12 	 4.31231e+09 	 260.601 	 0.610074 	 427.162 	 1 	 1 	 1 	 145
0.438697 	 0.0234991 	 6.91997e-12 	 3.39584e+09 	 308.269 	 0.690847 	 446.219 	 1 	 1 	 1 	 145
0.556125 	 0.0249692 	 8.8526e-12 	 2.82055e+09 	 342.083 	 2.29235 	 149.228 	 1 	 1 	 1 	 145
0.6293 	 0.0256883 	 1.00602e-11 	 2.55346e+09 	 359.59 	 0.42522 	 845.657 	 1 	 1 	 1 	 145
0.748643 	 0.0266292 	 1.20336e-11 	 2.21291e+09 	 380.659 	 0.438453 	 868.187 	 1 	 1 	 1 	 145
0.865011 	 0.0273673 	 1.39607e-11 	 1.96031e+09 	 397.078 	 0.495513 	 801.347 	 1 	 1 	 1 	 145
0.984009 	 0.0279237 	 1.59348e-11 	 1.75238e+09 	 408.349 	 0.374398 	 1090.68 	 1 	 1 	 1 	 145
1.08021 	 0.0283211 	 1.75314e-11 	 1.61545e+09 	 414.459 	 0.354393 	 1169.49 	 1 	 1 	 1 	 145
1.17623 	 0.0286628 	 1.91262e-11 	 1.49862e+09 	 420.453 	 0.38289 	 1098.1 	 1 	 1 	 1 	 145
1.29331 	 0.0290058 	 2.10718e-11 	 1.37652e+09 	 424.849 	 1.17694 	 360.977 	 1 	 1 	 1 	 145
1.41027 	 0.029296 	 2.30162e-11 	 1.27284e+09 	 428.818 	 0.377568 	 1135.74 	 1 	 1 	 1 	 145
1.52555 	 0.0295174 	 2.49339e-11 	 1.18383e+09 	 428.286 	 0.333881 	 1282.75 	 1 	 1 	 1 	 145
1.60531 	 0.029625 	 2.62614e-11 	 1.12808e+09 	 427.427 	 0.342621 	 1247.52 	 1 	 1 	 1 	 145
1.72223 	 0.0568429 	 2.77564e-11 	 2.04792e+09 	 426.343 	 0.351227 	 1213.87 	 1 	 1 	 1 	 145
1.84313 	 0.0299337 	 3.022e-11 	 9.90526e+08 	 424.236 	 0.383843 	 1105.23 	 1 	 1 	 1 	 145
1.95533 	 0.057089 	 3.16374e-11 	 1.80448e+09 	 421.486 	 0.361999 	 1164.33 	 1 	 1 	 1 	 145
2.03142 	 0.0300816 	 3.33557e-11 	 9.01844e+08 	 419.597 	 0.314528 	 1334.05 	 1 	 1 	 1 	 145
2.15011 	 0.0301336 	 3.5333e-11 	 8.52845e+08 	 415.747 	 1.23835 	 335.727 	 1 	 1 	 1 	 145
2.27 	 0.0301516 	 3.73309e-11 	 8.07684e+08 	 410.994 	 0.32596 	 1260.87 	 1 	 1 	 1 	 145
2.38554 	 0.0571621 	 3.88062e-11 	 1.47301e+09 	 409.918 	 0.329771 	 1243.04 	 1 	 1 	 1 	 145
2.50221 	 0.0300693 	 4.12024e-11 	 7.29795e+08 	 407.871 	 0.363148 	 1123.15 	 1 	 1 	 1 	 145
