AverageLoadCurve_run300863_chan419
Vbias_V 	 Vbol_V 	 Ibol_A 	 Rbol_ohm 	 PAmp_mV 	 RMS_mV 	 SNR 	 APAmp_mV 	 OFRMS_mV 	 OFSNR 	 Gain 
-0.783985 	 -0.0171997 	 -1.27798e-11 	 1.34586e+09 	 0.218964 	 0.2607 	 0.839906 	 1 	 1 	 1 	 145
0.139363 	 0.0256257 	 1.89562e-12 	 1.35184e+10 	 49.6235 	 0.315537 	 157.267 	 1 	 1 	 1 	 145
0.276241 	 0.0292717 	 4.11615e-12 	 7.11142e+09 	 79.3438 	 0.311771 	 254.494 	 1 	 1 	 1 	 145
0.432215 	 0.0142612 	 6.9659e-12 	 2.04728e+09 	 104.118 	 0.268575 	 387.669 	 1 	 1 	 1 	 145
0.577314 	 0.0157938 	 9.35867e-12 	 1.68761e+09 	 122.26 	 0.235617 	 518.893 	 1 	 1 	 1 	 145
0.692473 	 0.0167127 	 1.12627e-11 	 1.48391e+09 	 134.378 	 0.27963 	 480.555 	 1 	 1 	 1 	 145
0.846589 	 0.0176899 	 1.3815e-11 	 1.28048e+09 	 146.248 	 0.243537 	 600.516 	 1 	 1 	 1 	 145
0.997293 	 0.0183846 	 1.63151e-11 	 1.12684e+09 	 155.906 	 0.208081 	 749.255 	 1 	 1 	 1 	 145
1.11135 	 0.0362386 	 1.79185e-11 	 2.02241e+09 	 162.009 	 0.245868 	 658.926 	 1 	 1 	 1 	 145
1.265 	 0.0193154 	 2.07614e-11 	 9.30352e+08 	 168.614 	 0.291052 	 579.325 	 1 	 1 	 1 	 145
1.41595 	 0.0197123 	 2.32705e-11 	 8.47091e+08 	 173.641 	 0.239006 	 726.513 	 1 	 1 	 1 	 145
1.54876 	 0.0199916 	 2.54795e-11 	 7.84616e+08 	 177.526 	 0.203731 	 871.377 	 1 	 1 	 1 	 145
1.68507 	 0.0202537 	 2.7747e-11 	 7.29943e+08 	 180.49 	 0.207045 	 871.744 	 1 	 1 	 1 	 145
1.84526 	 0.0204874 	 3.04129e-11 	 6.73642e+08 	 183.091 	 0.204729 	 894.308 	 1 	 1 	 1 	 145
1.98884 	 0.0206575 	 3.28031e-11 	 6.29742e+08 	 184.897 	 0.214556 	 861.769 	 1 	 1 	 1 	 145
2.10329 	 0.0207519 	 3.4709e-11 	 5.97883e+08 	 185.44 	 0.214171 	 865.85 	 1 	 1 	 1 	 145
2.25777 	 0.0208645 	 3.72818e-11 	 5.59643e+08 	 186.056 	 0.220365 	 844.309 	 1 	 1 	 1 	 145
2.40752 	 0.0209403 	 3.97764e-11 	 5.2645e+08 	 186.766 	 0.204935 	 911.341 	 1 	 1 	 1 	 145
2.51992 	 0.0209901 	 4.16488e-11 	 5.03978e+08 	 185.658 	 0.228396 	 812.875 	 1 	 1 	 1 	 145
2.67618 	 0.0209968 	 4.42531e-11 	 4.74471e+08 	 182.936 	 0.238 	 768.641 	 1 	 1 	 1 	 145
2.82615 	 0.020977 	 4.67529e-11 	 4.48678e+08 	 1 	 0.253901 	 3.93855e+07 	 1 	 1 	 1 	 145
2.95812 	 0.0209383 	 4.8953e-11 	 4.27722e+08 	 1 	 0.288154 	 3.47037e+07 	 1 	 1 	 1 	 145
3.09522 	 0.0381586 	 5.0951e-11 	 7.48928e+08 	 1 	 0.378059 	 2.64509e+07 	 1 	 1 	 1 	 145
3.24664 	 0.0207189 	 5.37654e-11 	 3.85357e+08 	 185.91 	 7.25185 	 25.6363 	 1 	 1 	 1 	 145
