AverageLoadCurve_run301638_chan476
Vbias_V 	 Vbol_V 	 Ibol_A 	 Rbol_ohm 	 PAmp_mV 	 RMS_mV 	 SNR 	 APAmp_mV 	 OFRMS_mV 	 OFSNR 	 Gain 
-0.000811 	 -0 	 -1.35167e-14 	 0 	 1 	 5.26101 	 1.90077e+06 	 1 	 1 	 1 	 618
0.204537 	 0.0116037 	 3.21555e-12 	 3.60863e+09 	 82.7347 	 5.85135 	 14.1394 	 92.926 	 0.61104 	 152.079 	 618
0.401999 	 0.0162392 	 6.42933e-12 	 2.5258e+09 	 1 	 5.51198 	 1.81423e+06 	 1 	 1 	 1 	 618
0.609558 	 0.0191682 	 9.83983e-12 	 1.94802e+09 	 158.01 	 7.1676 	 22.0451 	 162.086 	 0.873999 	 185.454 	 618
0.811048 	 0.0211095 	 1.31656e-11 	 1.60338e+09 	 185.575 	 5.3771 	 34.512 	 193.222 	 0.733342 	 263.481 	 618
1.01286 	 0.0225322 	 1.65054e-11 	 1.36514e+09 	 195.305 	 4.40756 	 44.3115 	 198.169 	 0.722517 	 274.275 	 618
1.21754 	 0.0236166 	 1.98987e-11 	 1.18684e+09 	 207.367 	 4.37911 	 47.3538 	 213.209 	 0.754419 	 282.614 	 618
1.4204 	 0.0244623 	 2.32657e-11 	 1.05143e+09 	 216.255 	 4.23336 	 51.0836 	 219.237 	 0.657192 	 333.597 	 618
1.62295 	 0.0251282 	 2.66303e-11 	 9.43595e+08 	 221.439 	 4.10544 	 53.938 	 225.205 	 0.655832 	 343.389 	 618
1.82878 	 0.0256754 	 3.00518e-11 	 8.5437e+08 	 224.308 	 3.41635 	 65.6574 	 226.756 	 0.642428 	 352.967 	 618
2.02846 	 0.026102 	 3.33727e-11 	 7.82138e+08 	 224.586 	 2.94792 	 76.1845 	 228.069 	 0.550157 	 414.553 	 618
2.23256 	 0.0264578 	 3.67683e-11 	 7.19582e+08 	 226.145 	 2.84662 	 79.4434 	 227.2 	 0.578985 	 392.41 	 618
2.43401 	 0.0267477 	 4.0121e-11 	 6.66676e+08 	 225.46 	 2.73672 	 82.3835 	 226.318 	 0.510555 	 443.279 	 618
2.63907 	 0.0269848 	 4.35347e-11 	 6.19845e+08 	 224.995 	 2.67281 	 84.1793 	 226.182 	 0.506636 	 446.439 	 618
2.84069 	 0.0271661 	 4.6892e-11 	 5.79332e+08 	 223.992 	 2.46934 	 90.7092 	 225.8 	 0.714658 	 315.955 	 618
3.04499 	 0.0273177 	 5.02945e-11 	 5.43154e+08 	 220.138 	 2.27076 	 96.9446 	 221.385 	 0.479884 	 461.329 	 618
3.24937 	 0.027428 	 5.3699e-11 	 5.10773e+08 	 217.779 	 2.21587 	 98.2817 	 219.382 	 0.490089 	 447.637 	 618
3.4501 	 0.0275 	 5.70434e-11 	 4.82089e+08 	 212.699 	 2.13074 	 99.8241 	 213.463 	 0.451959 	 472.306 	 618
3.65337 	 0.027536 	 6.04306e-11 	 4.55663e+08 	 208.975 	 2.08469 	 100.243 	 209.314 	 0.492188 	 425.273 	 618
3.85574 	 0.0275279 	 6.38036e-11 	 4.31447e+08 	 204.506 	 2.09483 	 97.6241 	 205.214 	 0.443374 	 462.845 	 618
4.06119 	 0.0274588 	 6.72288e-11 	 4.08438e+08 	 199.846 	 2.34068 	 85.3796 	 200.561 	 0.43615 	 459.844 	 618
4.26541 	 0.0273045 	 7.06351e-11 	 3.86557e+08 	 202.208 	 3.51427 	 57.5391 	 210.766 	 0.781317 	 269.757 	 618
4.46354 	 0.0226827 	 7.40143e-11 	 3.06463e+08 	 1 	 3435.82 	 2910.51 	 1 	 1 	 1 	 618
