AverageLoadCurve_run301638_chan372
Vbias_V 	 Vbol_V 	 Ibol_A 	 Rbol_ohm 	 PAmp_mV 	 RMS_mV 	 SNR 	 APAmp_mV 	 OFRMS_mV 	 OFSNR 	 Gain 
-0.002864 	 -0 	 -4.77333e-14 	 0 	 1 	 4.46995 	 2.23716e+06 	 1 	 1 	 1 	 618
0.261231 	 0.00757364 	 4.22762e-12 	 1.79147e+09 	 102.249 	 5.29088 	 19.3256 	 106.985 	 0.755222 	 141.66 	 618
0.516682 	 0.0111526 	 8.42549e-12 	 1.32368e+09 	 150.027 	 4.36902 	 34.3388 	 151.926 	 0.590964 	 257.082 	 618
0.778044 	 0.0134485 	 1.27433e-11 	 1.05534e+09 	 187.103 	 6.50963 	 28.7425 	 198.509 	 0.819045 	 242.367 	 618
1.03496 	 0.0150021 	 1.69993e-11 	 8.82513e+08 	 203.267 	 4.31022 	 47.1594 	 207.722 	 0.739147 	 281.029 	 618
1.29664 	 0.0161614 	 2.13413e-11 	 7.57283e+08 	 214.482 	 2.99075 	 71.715 	 218.36 	 0.664651 	 328.534 	 618
1.55397 	 0.0170079 	 2.5616e-11 	 6.63956e+08 	 220.295 	 2.82704 	 77.9243 	 220.894 	 0.626243 	 352.729 	 618
1.81272 	 0.0176632 	 2.99177e-11 	 5.90393e+08 	 222.304 	 2.49178 	 89.2149 	 223.637 	 0.542821 	 411.989 	 618
2.07273 	 0.0181617 	 3.42428e-11 	 5.30381e+08 	 221.187 	 2.41385 	 91.6326 	 222.849 	 0.503008 	 443.033 	 618
2.33147 	 0.0185436 	 3.85487e-11 	 4.81043e+08 	 217.791 	 1.71512 	 126.983 	 219.097 	 0.428476 	 511.341 	 618
2.59168 	 0.0188283 	 4.28808e-11 	 4.39085e+08 	 211.933 	 1.33357 	 158.922 	 212.217 	 0.383211 	 553.786 	 618
2.84704 	 0.0190273 	 4.71335e-11 	 4.03689e+08 	 205.172 	 1.28838 	 159.249 	 205.58 	 0.341007 	 602.862 	 618
3.11059 	 0.0191658 	 5.15237e-11 	 3.71979e+08 	 196.771 	 1.16244 	 169.274 	 197.132 	 0.291428 	 676.435 	 618
3.36682 	 0.0192405 	 5.57931e-11 	 3.44855e+08 	 187.749 	 1.15315 	 162.814 	 188.078 	 0.270683 	 694.828 	 618
3.62884 	 0.0192645 	 6.01595e-11 	 3.20223e+08 	 178.597 	 1.11685 	 159.911 	 179.043 	 0.243873 	 734.164 	 618
3.88655 	 0.019249 	 6.4455e-11 	 2.98643e+08 	 169.243 	 1.15482 	 146.554 	 169.617 	 0.229871 	 737.876 	 618
4.14539 	 0.0192004 	 6.87698e-11 	 2.79199e+08 	 160.802 	 1.21956 	 131.853 	 161.296 	 0.239706 	 672.892 	 618
4.40471 	 0.0191252 	 7.30931e-11 	 2.61656e+08 	 1 	 1.30737 	 7.64895e+06 	 1 	 1 	 1 	 618
4.66355 	 0.0190311 	 7.74086e-11 	 2.45852e+08 	 1 	 1.48665 	 6.72651e+06 	 1 	 1 	 1 	 618
4.92175 	 0.0189228 	 8.17138e-11 	 2.31574e+08 	 1 	 1.7444 	 5.73264e+06 	 1 	 1 	 1 	 618
5.17953 	 0.0188066 	 8.60121e-11 	 2.18651e+08 	 1 	 2.41539 	 4.14012e+06 	 1 	 1 	 1 	 618
5.44027 	 0.0186783 	 9.03599e-11 	 2.0671e+08 	 120.121 	 19.9281 	 6.02772 	 158.054 	 0.36351 	 434.8 	 618
5.69655 	 0.0160994 	 9.46742e-11 	 1.70051e+08 	 1 	 2552.47 	 3917.77 	 1 	 1 	 1 	 618
